v3.0 hex words addressed
00: 00000000 00000000 00000000 1a000101 00000000 21000101 00000000 13000101
08: 00000000 71000100 13000101 00000000 15000100 13000081 00000000 4a000000
10: 02080001 00000000 1a000100 21000100 02080001 00000000 00000000 15000100
18: 1a000081 00000000 15000100 21000081 00000000 15000100 13000081 00000000
20: 00000000 00000000 00000000 00000000 00000000 00000000 00000000 00000000
28: 00000000 00000000 15000100 1a000080 21000081 00000000 00000000 00000000
30: 22080001 00000000 22180001 00000000 22280001 00000000 22380001 00000000
38: 22480001 00000000 22580001 00000000 22680001 00000000 22780001 00000000
40: 00040001 00000000 22980001 00000000 22a80001 00000000 24000001 00000000
48: d0000001 00000000 00001000 20020000 00050000 20020000 00050000 20020000
50: 00050000 20020000 00050000 20020000 00050000 20020000 00050000 20020000
58: 00050000 20020000 00050000 20020000 00050000 20020000 00050000 20020000
60: 00050000 20020000 00050000 20020000 00050000 20020000 00050000 20020000
68: 00050000 20020000 02b80001 00000000 00000000 00000000 00000000 00000000
70: 00000600 3f000001 00000000 00000401 00000000 ca000000 20800000 00000400
78: ca000000 22280000 2f000001 00000000 c6000000 00000400 ca000000 20800000
80: 6a000000 02380000 2f000001 00000000 ca000000 20800001 00000000 00004001
88: 00000000 00002001 00000000 00006001 00000000 00008001 00000000 0000a001
90: 00000000 5a000000 00000003 00000000 2c000001 00000000 00000031 00000000
98: 00000021 00000000 ca000400 02080000 ca000000 00001000 20020000 00050000
a0: 20020000 00050000 20020000 00050000 20020000 00050000 20020000 00050000
a8: 20020000 00050000 20020000 00050000 20020000 00050000 20020000 00050000
b0: 20020000 00050000 20020000 00050000 20020000 00050000 20020000 00050000
b8: 20020000 00050000 20020000 00050000 20020000 02b80000 2f000001 00000000
c0: 00000000 00000000 00000000 00000000 00000000 00000000 00000000 00000000
c8: 00000000 00000000 00000000 00000000 00000000 00000000 00000000 00000000
d0: 00000000 00000000 00000000 00000000 00000000 00000000 00000000 00000000
d8: 00000000 00000000 00000000 00000000 00000000 00000000 00000000 00000000
e0: 00000000 00000000 00000000 00000000 00000000 00000000 00000000 00000000
e8: 00000000 00000000 00000000 00000000 00000000 00000000 00000000 00000000
f0: 00000000 00000000 00000000 00000000 00000000 00000000 00000000 00000000
f8: 00000000 00000000 00000000 00000000 00000000 00000000 1b000040 00000000
